 property_id | neighborhood_id |   price    
-------------+-----------------+------------
        1227 |               1 | 1747623.13
         686 |               9 | 1917426.74
        1045 |              10 |  517670.13
        2434 |              11 | 1282894.85
         203 |              12 | 1874333.74
        1805 |              13 | 1429026.95
        1759 |              14 |  1953016.8
        1835 |              16 | 1728630.56
        1163 |              17 | 1322318.13
        2746 |              18 |  233417.36
        2796 |              20 | 1247653.64
        1721 |              21 | 1356859.11
        2393 |              22 | 1916313.11
         530 |              24 |  330808.63
         847 |              26 |  891367.89
        1822 |              27 |  754981.78
         621 |              28 |  1777483.7
        1024 |              30 | 1511048.01
        2885 |              32 | 1855806.76
        1974 |              34 |  359873.13
         267 |              38 | 1122054.94
        1018 |              39 | 1387318.89
        2162 |              41 |  951287.92
         709 |              42 | 1737008.96
        2744 |              44 |  745696.35
        1722 |              45 |  272247.08
         155 |              46 | 1886152.87
         674 |              47 | 1795525.66
        2274 |              49 | 1951121.41
        2900 |              50 | 1753481.78
        2104 |              52 | 1851937.43
        1046 |              53 |  487842.21
        1108 |              54 | 1481964.35
        1130 |              56 | 1065891.78
         595 |              57 |  108885.89
         943 |              58 |  1414418.8
        2415 |              59 |  647019.58
         142 |              60 |  255342.05
        1105 |              61 | 1210358.56
        1490 |              63 |  349999.55
         567 |              68 | 1303373.08
        2091 |              70 | 1179734.92
         304 |              71 | 1553228.23
        2774 |              72 | 1326538.92
        1397 |              73 |  903969.56
        2317 |              76 |  767249.25
        1733 |              77 | 1833583.49
        2219 |              80 |  1906727.4
         248 |              82 | 1612040.48
        1780 |              83 |  1444212.5
         216 |              84 |  1604363.3
         470 |              85 |  120844.13
         108 |              86 |  756317.87
        1234 |              87 | 1466252.26
        2926 |              88 | 1789004.01
         233 |              89 | 1348263.39
        2791 |              90 | 1568116.51
        2068 |              93 | 1315422.09
        1232 |              95 | 1247083.43
        2113 |              98 |  279077.56
        2249 |             100 |  1184670.3
        1311 |             101 | 1987473.64
         107 |             102 | 1585458.62
        2897 |             103 |  1391298.9
        2578 |             105 |  535446.89
         688 |             106 | 1496703.95
        1408 |             107 | 1552241.33
        2108 |             108 | 1624818.02
        2607 |             111 |  298008.58
        2741 |             113 |  482637.29
         687 |             116 | 1906965.89
        2205 |             118 | 1112356.61
          42 |             119 |  369604.67
        1854 |             120 | 1192430.21
        2001 |             122 | 1774793.54
         936 |             124 |  1837475.7
        1231 |             125 | 1395793.47
        1056 |             126 | 1913487.92
        2901 |             130 |  886347.06
        1929 |             131 | 1669018.51
        1145 |             133 |  357270.49
        1535 |             134 | 1891304.59
        2019 |             136 |  1933506.5
        2425 |             137 | 1537068.14
        2000 |             138 |  670640.93
        1480 |             140 |  641998.23
        2216 |             142 | 1212976.13
        2963 |             145 | 1526692.64
        2663 |             147 |  1541061.4
        2807 |             148 | 1023537.98
        1139 |             149 |  853481.83
         603 |             152 | 1367514.78
          87 |             155 | 1134046.97
        1367 |             158 | 1370846.37
        2017 |             159 | 1591599.88
        1310 |             161 | 1655666.07
        2836 |             162 |  528328.79
        2403 |             165 |  460030.44
         906 |             166 | 1906526.45
        2348 |             167 |  895974.22
        2624 |             169 |  1788400.6
        2142 |             173 |  822855.06
        1327 |             174 |  1675123.9
        1584 |             175 | 1718927.18
        2064 |             177 | 1473774.05
         360 |             178 | 1520230.84
        2380 |             179 |  1560942.3
        2566 |             180 | 1387056.74
        1588 |             181 | 1436052.07
        1668 |             182 | 1138612.47
        2750 |             183 | 1850897.54
         863 |             187 |   525440.5
         580 |             188 |  510825.65
           7 |             189 | 1696359.15
        2401 |             190 | 1601379.01
        1608 |             194 | 1979860.16
        1711 |             195 |  796467.41
         961 |             196 |  305080.96
         558 |             198 |  937237.18
        2475 |             199 |   605916.9
         513 |             201 | 1829829.42
         475 |             202 | 1486012.34
         364 |             206 | 1651520.39
         572 |             208 |  744227.01
        1422 |             212 | 1213453.35
        2572 |             214 | 1831741.45
         746 |             215 | 1205037.17
        1706 |             216 | 1219911.56
        1978 |             217 | 1637891.93
          69 |             219 | 1936744.33
        2367 |             221 | 1267445.74
         223 |             222 |  315883.01
        2310 |             226 | 1219964.03
        1040 |             228 |  802039.16
        2293 |             229 |  1637935.6
        2726 |             230 | 1407211.17
        1766 |             232 | 1200106.76
        1969 |             235 | 1912838.65
        2931 |             240 |  411126.82
        2350 |             241 |  557972.09
        2263 |             243 | 1815686.87
        2828 |             244 | 1438878.92
        2069 |             246 | 1259958.19
         428 |             249 | 1179888.61
        2054 |             251 |  374099.33
        1842 |             252 |   419062.5
        1770 |             255 |  389561.45
         711 |             256 | 1919173.22
         587 |             258 |   404627.7
        1844 |             259 | 1189026.05
        2748 |             261 | 1836550.78
         869 |             263 |  277675.81
        2681 |             265 |  988872.35
        1953 |             266 |  775890.96
        1317 |             267 | 1484252.69
        1652 |             270 |  773462.05
        2722 |             272 |  965166.42
        2655 |             273 |  341755.24
         838 |             276 |  110997.81
        1185 |             277 |  1198936.3
        2078 |             278 | 1861694.81
        2999 |             280 | 1553433.23
        2080 |             281 | 1571253.73
        2867 |             282 |  902461.86
        2865 |             283 |  486220.05
         724 |             284 | 1526791.72
         204 |             286 |  649516.94
        2185 |             290 |  371265.31
        1361 |             295 |  774320.57
          94 |             298 |   701914.5
         138 |             301 |  774141.68
         856 |             304 |  137997.49
         575 |             305 |  243685.85
         824 |             306 | 1699023.38
        1696 |             307 |  642184.82
        1125 |             308 | 1951917.85
        1473 |             309 |  884108.76
        2863 |             310 | 1833601.68
        2111 |             311 |  984081.06
        2694 |             315 | 1615882.03
        2277 |             316 | 1023377.23
         849 |             322 |  438692.52
        1874 |             323 | 1730146.71
          18 |             324 | 1248620.46
        2688 |             325 | 1713511.86
        2989 |             326 |  359301.62
        2291 |             328 |  319886.61
        2751 |             329 | 1110765.19
        2470 |             330 | 1658138.99
         736 |             331 | 1711619.62
         636 |             332 |  140437.42
         160 |             333 | 1696956.62
        1951 |             334 |  646768.68
        2853 |             336 | 1834874.95
        1931 |             337 | 1583534.82
         570 |             338 | 1426341.44
         412 |             341 | 1570839.66
        2479 |             342 |  415625.36
        2732 |             343 | 1434081.91
        2087 |             345 | 1450658.56
        2218 |             346 |  1814848.6
        2908 |             347 | 1739540.11
         482 |             348 |  1332555.9
        1345 |             350 |  659197.68
         751 |             351 |  311293.81
        2284 |             352 | 1737045.61
        2626 |             353 |  1378946.4
         199 |             354 | 1691999.14
         327 |             355 | 1672511.34
          56 |             357 |  1902355.6
        1996 |             358 | 1482130.46
         598 |             359 | 1474031.75
        1168 |             361 | 1211801.03
        2186 |             362 |  728678.44
        2139 |             363 | 1336335.35
        2407 |             365 |  589807.31
        2098 |             368 |  862436.92
         147 |             369 | 1886337.47
        1779 |             370 |  216378.73
        2645 |             371 | 1022853.62
         939 |             372 | 1348114.21
        1976 |             375 | 1625718.02
        1094 |             376 |  177334.96
        1141 |             377 | 1852780.04
         971 |             378 | 1241410.69
        2568 |             379 |   93502.34
        2203 |             380 | 1166717.67
         444 |             381 |     849811
        1673 |             383 |   260032.6
        1797 |             384 | 1228609.54
         344 |             385 | 1684532.99
         102 |             386 | 1556939.61
        1682 |             387 | 1211178.46
        2856 |             388 | 1083996.71
        2728 |             389 | 1799960.24
        2347 |             390 | 1747322.84
        2501 |             391 |  495817.17
         846 |             392 | 1413381.08
        2441 |             394 | 1639174.61
        1181 |             395 | 1784506.73
         913 |             399 | 1147477.55
        2437 |             400 | 1545629.64
         900 |             401 |  756374.09
        2974 |             402 | 1635033.14
        2962 |             403 | 1254632.27
        1873 |             404 | 1073219.46
        2573 |             405 |  1516483.1
        1995 |             406 | 1057164.29
         207 |             407 |  479191.57
        2014 |             408 | 1489406.77
        1949 |             409 | 1957903.83
        1569 |             410 | 1676968.45
        1350 |             411 | 1131905.62
        1903 |             412 | 1466914.85
        2404 |             413 |  601791.24
        2850 |             415 | 1529682.81
        2436 |             416 |  531887.43
         608 |             417 | 1206438.05
        1021 |             420 |  198729.68
        2895 |             421 | 1688445.63
        1915 |             422 | 1060595.28
         812 |             424 | 1540842.55
         471 |             425 | 1594565.47
        1253 |             426 | 1658178.83
        1144 |             427 | 1872443.24
        1796 |             428 | 1637308.34
        2084 |             430 | 1365326.66
        1004 |             431 | 1874133.93
        2550 |             434 | 1620495.98
        1036 |             437 |  444135.15
        2910 |             439 | 1203345.16
        2154 |             440 | 1668907.68
        1190 |             442 | 1911255.38
        2322 |             443 |  959746.75
         960 |             444 | 1208637.84
         265 |             445 |  692301.02
        2246 |             448 | 1177197.98
        1417 |             449 |  168493.06
         369 |             450 |  576550.01
        1383 |             451 | 1753447.08
         175 |             452 |   873968.9
         865 |             453 | 1382325.51
         897 |             455 |  571217.01
        2143 |             456 | 1461090.82
        1901 |             457 | 1457844.18
        1628 |             459 |  741688.74
        2522 |             460 |  374798.21
        2345 |             461 |  579607.63
        2531 |             463 |  830650.33
        1610 |             464 |  970495.14
        2155 |             465 |  863846.97
        2672 |             467 |  796140.98
        1918 |             468 |    1439686
         547 |             471 |  165880.49
        1504 |             472 | 1453558.79
         653 |             477 | 1136095.05
        2066 |             480 |   743886.5
        2410 |             483 | 1646375.07
        2639 |             484 |  702368.91
        1544 |             486 | 1668378.23
        1672 |             489 | 1955454.35
        1100 |             492 |  569150.14
         671 |             493 | 1693830.32
         442 |             494 | 1032683.55
         813 |             495 | 1563604.87
        1875 |             496 |   753524.4
        2370 |             498 | 1063010.53
        1085 |             499 |  473656.72
        2845 |             500 |  951261.33
        1407 |             501 | 1809831.93
        1654 |             504 |  178182.32
        2335 |             505 |  721417.06
         967 |             506 |    1117731
        2312 |             509 | 1887450.18
          83 |             512 |  949385.95
        1214 |             513 |  1184264.9
        2810 |             515 | 1482850.13
        2841 |             516 |  475412.97
         878 |             520 | 1524350.56
        2985 |             521 |  1285440.5
        1312 |             523 | 1829202.94
        1294 |             525 |  835129.05
         299 |             526 |  1877592.7
         280 |             527 | 1445559.29
        1512 |             528 | 1307190.48
        2491 |             529 |  110357.87
        1923 |             530 |  685847.82
        2225 |             531 |  453820.38
        2723 |             534 | 1064424.41
         773 |             535 |  665875.64
         414 |             536 | 1157196.81
         818 |             538 |  414811.67
         639 |             539 | 1236732.46
        1916 |             541 |   80115.06
         988 |             542 |  556538.58
         739 |             543 | 1525104.48
        1412 |             544 | 1161151.22
         889 |             545 | 1492706.62
        1913 |             547 | 1592106.42
        2012 |             548 | 1030801.39
         514 |             549 |  1482416.7
        2030 |             550 |  619067.55
        2332 |             551 |  862653.01
        1359 |             552 |   648787.9
        2675 |             553 | 1856295.47
           3 |             558 |  884634.12
        2533 |             559 |  712059.83
        1940 |             560 |    1781490
        1236 |             561 | 1104214.57
        1680 |             562 | 1775302.75
        2447 |             563 |  127035.42
         826 |             564 | 1142629.17
        1454 |             565 |  950827.28
        1585 |             566 | 1966202.66
         916 |             568 | 1798808.58
         879 |             569 | 1054673.32
         477 |             570 | 1241682.28
        1277 |             571 | 1674324.78
         182 |             572 | 1680864.12
         706 |             573 | 1785290.73
         316 |             574 | 1723785.59
        2941 |             578 |  364932.89
         355 |             579 |  1829428.1
         301 |             580 |  169113.45
        1877 |             581 | 1234077.78
         557 |             582 |  701968.52
        1037 |             586 | 1589377.24
        1523 |             587 |  764551.18
         352 |             588 | 1593541.36
         372 |             590 |  1106004.9
        2465 |             592 | 1357396.21
         535 |             594 | 1182241.78
        2222 |             595 | 1626686.28
        2079 |             596 | 1591836.48
        1762 |             597 |  617906.33
         622 |             598 | 1957317.04
        2905 |             599 | 1963465.46
         417 |             600 | 1510769.43
         797 |             602 | 1590081.36
        2285 |             603 |  1504167.4
        2586 |             604 | 1070191.41
         561 |             605 |  344860.51
         457 |             607 | 1844568.54
        2269 |             608 |  1422083.3
         143 |             612 | 1214594.46
         651 |             614 | 1727651.17
         293 |             616 | 1880308.94
         341 |             617 | 1570699.01
        2031 |             618 | 1232388.59
        2649 |             619 | 1414163.57
         411 |             620 | 1816836.04
         997 |             621 | 1206351.99
        2584 |             622 | 1987547.71
        2878 |             623 |  296460.49
        1252 |             624 |  860568.61
        2252 |             625 | 1619978.78
        2173 |             626 | 1544112.31
        1488 |             630 | 1851255.57
         100 |             632 |  693994.13
         609 |             633 |  857891.09
        1631 |             634 | 1306762.21
        1159 |             636 |  999654.38
        1648 |             638 | 1564427.97
        1983 |             639 | 1458592.84
        1176 |             641 |  733306.13
        2840 |             642 |  637879.43
         858 |             644 | 1399208.73
        1353 |             645 | 1632754.06
        2633 |             647 | 1721923.22
        1335 |             648 | 1722008.37
        1625 |             649 |  275216.69
        1448 |             650 |  1294613.3
         194 |             651 |  812482.79
        2055 |             652 | 1239709.41
        2661 |             655 |  1941275.1
         157 |             656 | 1558329.72
        1171 |             659 | 1450588.38
        2819 |             660 | 1246941.71
        1286 |             662 | 1194675.62
        1243 |             663 |  926359.53
         376 |             664 | 1864247.78
        2156 |             667 | 1714463.43
        1498 |             668 | 1790052.88
        2862 |             670 | 1694200.84
        2358 |             671 |  584232.67
        2508 |             672 |  508489.53
        2172 |             673 | 1378538.86
        1858 |             674 | 1870096.97
        1344 |             675 |  1594146.6
        2529 |             676 |    97759.5
        1381 |             677 | 1798313.52
         338 |             678 |  296085.56
        1892 |             679 |  1257489.4
        1343 |             680 | 1731557.69
        2207 |             681 | 1453572.71
        1281 |             683 | 1754887.89
         744 |             685 |   817147.1
         972 |             686 |  1046024.1
        1511 |             689 |  693860.06
         855 |             690 | 1252632.25
         197 |             691 |  719971.44
        1479 |             692 |  792796.23
        2924 |             693 |   735970.6
        2341 |             695 | 1470905.73
        2975 |             696 | 1451611.28
        2150 |             697 | 1908993.07
        1439 |             698 | 1260682.39
         191 |             701 |   747675.5
         307 |             702 | 1773467.13
         882 |             704 | 1231694.33
        1337 |             705 | 1993008.85
        2021 |             706 | 1540376.85
        1917 |             708 |  847798.95
        2062 |             709 |  507497.81
        1324 |             710 |  100010.09
        1239 |             711 |  641428.57
        1054 |             712 |  942848.61
        2181 |             713 | 1788360.98
        2473 |             715 | 1246497.34
         564 |             717 | 1938840.28
        2290 |             719 | 1881613.59
         977 |             720 |  272499.15
         841 |             721 | 1179470.97
        1050 |             723 |  701326.31
         277 |             725 | 1432395.16
        2804 |             727 | 1889416.09
        2452 |             728 | 1349911.03
         550 |             730 | 1646596.44
         904 |             731 |  862885.05
        1730 |             733 | 1518245.46
        1468 |             735 | 1371471.14
         692 |             736 |   995565.2
        2674 |             738 |  708844.32
        1249 |             739 | 1012899.66
         656 |             740 | 1770491.75
        1568 |             741 | 1050285.96
          38 |             743 |  252144.98
        2854 |             744 |  1733689.9
        2822 |             746 |  471577.01
         145 |             747 |  914425.84
        2718 |             749 |  959381.51
        1241 |             751 | 1212119.22
        2175 |             753 | 1800583.01
        1522 |             755 | 1941721.42
         764 |             758 | 1026001.87
        1319 |             760 |  884983.15
        2977 |             767 |  472474.81
        1756 |             768 |  804616.55
        2297 |             769 |  721997.86
         167 |             770 | 1406002.33
         276 |             771 |  163730.03
        1230 |             772 |  722921.77
          53 |             773 | 1357692.02
        1624 |             775 |  111987.81
        1774 |             776 | 1293137.71
        1296 |             778 | 1591669.34
          92 |             779 | 1609534.66
        1938 |             780 |  308340.57
        1306 |             782 | 1983670.48
        2794 |             783 |  328256.79
         800 |             784 | 1807862.12
        2346 |             785 |  807522.88
         769 |             788 | 1491662.51
        2757 |             790 | 1592284.22
        1991 |             791 | 1699224.11
        1717 |             792 | 1579272.55
        2336 |             793 |  809971.57
         400 |             796 | 1737875.83
        1208 |             798 | 1688532.09
         484 |             799 | 1029916.01
        2848 |             803 | 1047350.74
        2710 |             804 | 1263103.31
        1198 |             806 |  515147.16
        2509 |             808 | 1391267.67
        1699 |             809 | 1782269.37
         716 |             811 |  387325.42
        2375 |             812 |  434148.23
         884 |             813 |  336260.25
        2541 |             815 |  450764.56
        2759 |             816 | 1096033.83
         553 |             817 |  691214.27
        2232 |             819 |   210849.5
        2018 |             825 | 1424038.82
         426 |             829 | 1681840.94
        2190 |             831 | 1458231.16
        2979 |             832 | 1783495.96
        2035 |             833 |   89615.47
        1618 |             835 | 1745412.92
         425 |             837 | 1568692.55
        2513 |             838 |   646259.2
        2859 |             839 |  728278.86
        2808 |             840 | 1623355.56
        2135 |             841 | 1302096.54
         134 |             843 | 1785878.98
         234 |             844 | 1676858.33
        2478 |             847 |  366435.16
        1798 |             849 | 1468789.55
         754 |             851 |  283317.87
        2481 |             852 | 1877662.23
         597 |             854 |  531763.48
        2783 |             855 | 1710108.76
         339 |             858 |  1076456.1
         235 |             859 |  874726.34
         111 |             860 |  631672.48
        1914 |             862 | 1481919.17
        2220 |             863 | 1166451.76
        2754 |             867 | 1146536.61
        1128 |             871 | 1356776.76
        1679 |             872 | 1466074.28
        2118 |             873 | 1287901.75
        1167 |             874 |  952988.66
         297 |             875 |  189465.07
         254 |             876 |  803617.62
        1049 |             878 | 1404883.63
        2409 |             880 | 1439396.36
         701 |             881 | 1514004.53
         432 |             882 | 1521647.32
        1646 |             883 | 1732499.23
        1904 |             884 | 1337012.73
        1314 |             886 |  510457.07
        2067 |             887 | 1988689.95
        1458 |             889 | 1256203.14
         959 |             890 | 1321495.93
        1556 |             891 | 1192554.39
         389 |             893 |  962167.68
        2198 |             894 | 1602509.66
         526 |             895 |   490676.3
        2973 |             896 |   727075.7
         690 |             897 |  569006.82
        1632 |             899 | 1817021.18
        2613 |             900 |  404211.09
        1052 |             901 | 1678089.49
        2887 |             902 |  603566.98
         802 |             903 | 1084849.09
         391 |             904 |  138147.52
         454 |             909 | 1629896.83
        1174 |             910 |  105477.84
        1644 |             911 |  387240.56
        2355 |             912 |  806774.02
        1180 |             913 | 1111798.23
         632 |             914 | 1567796.35
         840 |             915 | 1227765.86
         991 |             916 | 1640872.68
        1429 |             917 |  242725.04
        2817 |             918 |  396350.68
         196 |             919 |  284741.28
        2574 |             921 |  1065658.9
         685 |             922 | 1562245.48
        1401 |             923 |  212695.26
        2239 |             927 | 1146350.18
        1530 |             929 |  1241124.5
        2644 |             930 |  782095.68
        1183 |             931 | 1981721.93
         677 |             932 |  998210.81
        2906 |             933 | 1940838.01
        1102 |             934 | 1632044.72
        1041 |             936 |   988923.7
         995 |             938 |  1783230.9
        1259 |             939 |  132432.31
        2712 |             940 | 1849065.93
        2043 |             947 | 1444346.91
        2934 |             951 | 1364682.31
        1009 |             955 | 1288160.93
        1789 |             957 | 1046762.52
        1348 |             961 | 1846556.02
        2502 |             963 | 1093195.62
        1203 |             964 |  764934.24
        1206 |             965 | 1066150.95
        2715 |             967 |   89446.14
         139 |             968 |  1878624.3
        2024 |             970 |  916794.16
        2376 |             971 | 1666046.27
         864 |             973 | 1638508.28
         511 |             975 | 1725110.81
        1110 |             977 |  375455.19
        2768 |             978 | 1434980.25
        2793 |             979 | 1688393.97
        2506 |             980 |  141580.88
        1501 |             982 | 1546107.69
         783 |             986 |  1843636.7
        1888 |             987 |  965089.44
        1702 |             989 | 1241516.75
        2616 |             991 | 1878675.04
        2022 |             992 | 1026597.96
        1620 |             995 |  187678.33
        1575 |             996 | 1355015.98
        2184 |             997 |  883188.95
        1603 |             998 |  910289.02
          54 |             999 | 1415218.57
         538 |            1000 | 1743142.25
        2886 |            1001 | 1629353.18
        2706 |            1004 | 1667365.36
         488 |            1005 | 1124453.39
         180 |            1006 | 1588284.02
         759 |            1007 |  798774.53
         910 |            1008 | 1251723.82
        1566 |            1011 | 1232236.17
        1994 |            1012 | 1812897.52
        2261 |            1014 | 1731061.66
        2044 |            1016 | 1856934.57
        1228 |            1018 |  552959.16
         719 |            1019 |   885980.1
        2540 |            1020 | 1348465.12
        2408 |            1021 |  943572.96
        2134 |            1023 |   84960.61
        1562 |            1024 |  142777.67
        1158 |            1028 |  474297.01
         206 |            1029 |  454213.38
        1700 |            1030 | 1008913.25
        2177 |            1031 |   662663.5
         437 |            1032 | 1742987.96
        2995 |            1037 |  123885.94
         693 |            1040 |  426103.77
        1945 |            1041 | 1549624.39
        1502 |            1042 |  175843.51
        2428 |            1043 |  939658.71
         262 |            1044 | 1033923.58
        1836 |            1046 |  421135.37
        2042 |            1047 | 1278177.69
        2882 |            1048 | 1582772.68
         257 |            1049 |  659920.49
        1126 |            1051 | 1695740.84
         516 |            1053 |  479828.72
        1959 |            1054 |  309784.36
        2103 |            1056 |  1953114.9
         331 |            1058 | 1192316.63
        1117 |            1059 |  482710.24
         933 |            1060 |  243536.12
        1122 |            1061 |  166702.19
        2195 |            1062 | 1768336.14
         950 |            1063 | 1572592.95
        1580 |            1066 | 1702430.23
        1157 |            1069 |  483387.94
         646 |            1070 | 1083548.94
         337 |            1071 | 1910927.98
        1063 |            1076 | 1052171.94
         502 |            1077 | 1934137.95
         177 |            1078 | 1711882.74
        1389 |            1079 |  1564369.1
         607 |            1080 | 1628079.78
        2873 |            1082 | 1552109.95
         314 |            1083 |  270366.75
        2877 |            1086 |  565877.71
        1973 |            1087 | 1138434.98
        1134 |            1089 |  283560.69
        1075 |            1091 |   333033.1
        2399 |            1092 |  302420.82
        2117 |            1094 |  837083.72
          31 |            1096 |  769616.49
        2228 |            1097 |  368120.95
        2041 |            1099 |  718895.26
        2936 |            1103 | 1783723.72
         592 |            1104 | 1716418.37
         905 |            1108 |  675990.93
        1934 |            1110 | 1843852.64
        2221 |            1111 | 1034361.01
         540 |            1112 | 1076474.53
         655 |            1115 |  254173.23
         374 |            1119 |  275124.57
        1794 |            1121 | 1288352.55
        2948 |            1122 | 1844573.88
         983 |            1123 | 1920473.56
         699 |            1124 |  799610.05
        1615 |            1125 | 1854613.14
        1481 |            1126 | 1875042.83
        1095 |            1127 |  880987.21
        1599 |            1128 | 1997500.54
        1460 |            1129 | 1618778.96
          64 |            1130 | 1708811.82
         205 |            1131 | 1870953.24
         378 |            1133 | 1109257.68
        1790 |            1134 | 1385758.37
        1838 |            1136 |  1908362.2
         313 |            1137 | 1598915.73
         179 |            1139 | 1527140.96
        1413 |            1140 |  788331.42
        1027 |            1142 | 1303472.03
        2342 |            1145 | 1239028.05
         776 |            1146 |  432033.99
         593 |            1148 | 1597005.27
        2792 |            1149 | 1897559.86
        1764 |            1150 |  326302.35
         539 |            1151 | 1541815.99
        1093 |            1153 |  1724126.8
         118 |            1154 | 1381320.15
        1165 |            1156 | 1325803.53
        2585 |            1158 |  559012.45
        2680 |            1159 | 1270599.78
        1357 |            1161 | 1981585.02
         675 |            1162 | 1994300.86
         224 |            1163 |  920076.02
        1225 |            1165 |   395272.8
        2102 |            1166 |  1828689.1
        2521 |            1167 | 1992382.46
        2927 |            1168 |  1877136.7
        1178 |            1169 | 1238727.88
        1207 |            1171 | 1319418.43
        1489 |            1173 |  102561.37
        1137 |            1175 |   961753.5
         453 |            1178 | 1835096.18
        1704 |            1182 |  351208.81
         172 |            1183 | 1173074.74
        2183 |            1184 | 1771736.64
         420 |            1186 |  107626.32
        1674 |            1187 |  680315.82
         229 |            1189 |  600038.21
         435 |            1190 | 1591548.43
         249 |            1192 | 1208493.35
         468 |            1193 | 1675823.65
        2956 |            1194 |  1058875.9
         825 |            1195 | 1710232.96
        1560 |            1197 |  151312.38
        1891 |            1199 |  1017699.1
        2847 |            1200 |  305930.07
        2855 |            1201 |  193789.21
        2361 |            1202 |  150037.79
         770 |            1203 |  409848.78
         473 |            1204 | 1810200.05
        1211 |            1207 | 1215663.36
        2673 |            1208 |  371199.19
        1500 |            1209 |   298351.3
        2300 |            1210 |  479727.52
        1088 |            1212 | 1419983.11
         740 |            1213 |  933115.56
        2912 |            1215 |  614715.96
        2752 |            1217 | 1776182.39
        1726 |            1221 | 1772448.98
        1067 |            1222 | 1896059.39
        2764 |            1225 | 1641470.39
        2915 |            1226 | 1276087.98
        1619 |            1227 |   234135.3
         626 |            1229 |  123456.93
        2127 |            1230 |  581188.12
        2684 |            1233 |  1676319.8
        1346 |            1234 | 1997611.22
        2711 |            1236 |  649292.88
         586 |            1237 | 1925316.85
         176 |            1238 | 1718384.71
        2115 |            1239 |  1625799.7
         240 |            1240 | 1581326.94
        1205 |            1241 |   85639.78
        1019 |            1242 |  1298832.1
        1303 |            1243 |  479372.34
        1048 |            1244 |  1007881.1
        2593 |            1245 |  974128.12
        2852 |            1246 |  123603.03
        2132 |            1247 | 1356823.29
        2559 |            1248 |  870420.16
        2739 |            1249 | 1325504.31
        2968 |            1250 | 1693879.73
        1664 |            1253 | 1271245.84
        2991 |            1254 |  1473589.2
          28 |            1256 |  322943.35
        1565 |            1257 | 1054592.18
         895 |            1258 |  545183.45
          41 |            1259 | 1656661.69
        1639 |            1260 |  500230.03
        1863 |            1263 |  478375.37
        2765 |            1266 | 1790158.32
        2515 |            1267 |  905373.37
        2046 |            1268 | 1781248.41
        2795 |            1270 | 1552537.46
        1363 |            1271 | 1848284.19
        1229 |            1272 | 1202348.52
        1123 |            1274 | 1264623.21
        1033 |            1275 |   998275.9
        1879 |            1277 | 1820578.37
        2369 |            1278 |  872531.03
         173 |            1282 | 1413865.27
         296 |            1283 | 1066279.55
        2145 |            1284 |  945206.85
        1399 |            1285 |  792808.93
        2507 |            1286 | 1286294.94
        2208 |            1290 |  567312.14
        2161 |            1295 | 1190122.15
        1520 |            1297 | 1080927.22
        2610 |            1300 |  558620.56
           1 |            1301 |  408304.49
          57 |            1302 |  1866185.9
        2164 |            1309 |   947650.4
         302 |            1310 | 1806357.37
        2775 |            1313 |  1944446.7
        1853 |            1316 | 1928713.24
        2258 |            1318 | 1908741.76
        2652 |            1319 | 1568837.45
         292 |            1320 |  565636.44
        1457 |            1323 | 1230921.36
        1946 |            1324 |  204858.86
        2827 |            1327 |  129766.23
        2435 |            1328 |  294402.87
        2770 |            1329 | 1646364.24
        2215 |            1330 | 1125164.39
        1773 |            1331 |  275850.52
        1876 |            1332 | 1712295.46
         873 |            1334 | 1956466.95
        1405 |            1335 | 1730588.04
        1776 |            1336 | 1225045.15
         170 |            1338 | 1164888.91
        1746 |            1340 |  997428.55
         942 |            1342 | 1534533.12
         748 |            1344 |  325968.97
        1378 |            1345 |  635395.14
        1247 |            1346 | 1881571.96
         362 |            1347 |  332531.27
         350 |            1350 | 1494835.22
        2483 |            1351 | 1539431.58
        1760 |            1352 |    1976636
        1633 |            1353 | 1625465.97
         125 |            1355 | 1727483.53
         787 |            1356 | 1544989.81
        1261 |            1359 |  263261.08
        2476 |            1360 |  1359536.3
        2619 |            1361 | 1554867.85
         120 |            1362 | 1105534.15
        1552 |            1363 |  453961.02
        2704 |            1364 | 1802369.93
         689 |            1366 | 1040367.92
          95 |            1368 |   615022.1
         146 |            1369 | 1032570.38
         261 |            1370 | 1255188.68
         150 |            1373 |  991167.62
         218 |            1375 |  941034.91
        1894 |            1376 | 1709007.96
         947 |            1377 | 1577082.99
         332 |            1378 |  992344.67
         512 |            1379 | 1324055.93
         127 |            1383 |  857652.56
        2051 |            1384 | 1250259.79
        1784 |            1385 |  1620753.4
         576 |            1386 |  246398.57
        1166 |            1389 | 1453315.76
         113 |            1390 | 1946226.32
        1541 |            1391 |  641579.68
        1005 |            1392 | 1964446.29
         881 |            1393 | 1116486.85
        2420 |            1395 | 1804511.55
        2699 |            1397 | 1265029.13
         395 |            1398 |  211169.37
        1000 |            1401 | 1553393.76
         317 |            1402 |  117986.91
        2615 |            1403 |  884952.96
         968 |            1404 | 1419803.88
        1318 |            1405 |  602576.71
        2418 |            1406 | 1763482.83
         568 |            1407 |  741326.36
        2954 |            1408 | 1639182.27
        1997 |            1409 |  1481317.1
        1494 |            1410 |  891890.45
        2637 |            1411 | 1060943.08
        2421 |            1412 | 1977397.38
        1595 |            1414 | 1577129.43
        1719 |            1415 | 1445088.09
         940 |            1418 | 1032705.23
        1663 |            1421 |  588460.65
        2799 |            1422 |  128802.66
        2815 |            1423 | 1185679.07
        1392 |            1424 |  1643496.7
        1292 |            1425 |  630308.86
          81 |            1426 |    1601866
        2671 |            1428 |  627164.02
        2086 |            1429 | 1074946.96
        1338 |            1430 |  390218.19
        2034 |            1431 |   95564.79
         993 |            1433 |   835271.8
        1845 |            1435 | 1296515.02
        1390 |            1436 | 1271484.98
         163 |            1437 | 1938885.58
        1062 |            1438 | 1324167.23
        1272 |            1439 | 1250070.86
        2443 |            1440 | 1797528.78
        2913 |            1441 |  254905.07
         591 |            1442 | 1916273.92
        1689 |            1443 | 1669346.54
         676 |            1444 |   99748.35
        1939 |            1445 | 1628923.83
        1606 |            1447 |  932198.19
        1285 |            1449 |   913860.3
         771 |            1450 |  339153.31
        1956 |            1452 | 1999647.52
         733 |            1453 |  710836.73
         497 |            1455 | 1575749.18
          16 |            1456 | 1520791.92
        1506 |            1458 | 1491771.93
        1391 |            1462 | 1658277.07
         796 |            1464 | 1345346.78
        1932 |            1465 | 1111559.48
         283 |            1467 | 1148042.28
         857 |            1469 |  530081.61
        1051 |            1470 | 1138139.14
        2909 |            1471 |  965037.97
        2708 |            1474 | 1329602.03
        1098 |            1477 | 1898282.11
        2587 |            1479 | 1639759.93
        2298 |            1481 |  269327.35
         112 |            1482 |   328069.1
         366 |            1485 | 1253661.12
         357 |            1489 | 1356735.58
         311 |            1490 |  281129.32
           6 |            1491 |   82106.96
        1035 |            1492 |  129024.19
        2919 |            1494 | 1565827.32
        2547 |            1495 | 1123131.91
        1807 |            1496 |  207761.71
        2937 |            1500 |  721921.88
        1528 |            1502 | 1005397.43
        2214 |            1503 | 1149691.17
        1499 |            1508 | 1841075.62
         670 |            1512 | 1097746.46
         546 |            1513 | 1372647.91
        1968 |            1514 |   407358.5
        2090 |            1515 | 1535318.71
         974 |            1516 | 1225435.26
        1685 |            1517 | 1509884.73
        1839 |            1520 | 1883016.03
         753 |            1522 | 1759155.06
        2920 |            1525 |  404445.41
        1944 |            1527 | 1543432.85
        1813 |            1528 |  870645.82
        1749 |            1529 |  473203.57
         888 |            1532 | 1386496.27
         698 |            1533 | 1687327.45
          20 |            1536 | 1743166.67
        1115 |            1539 |  993210.35
        1002 |            1540 | 1940817.56
        2730 |            1541 | 1239762.22
          68 |            1542 | 1611176.25
        1848 |            1545 |   699614.6
        2599 |            1546 |  719418.87
        1852 |            1547 | 1499978.03
        2337 |            1549 | 1902553.07
        2272 |            1552 | 1851858.06
        2978 |            1553 |  527785.41
        2575 |            1554 |  841402.93
         642 |            1555 |   307316.8
        2306 |            1556 | 1440707.41
         284 |            1558 | 1520147.07
         953 |            1559 | 1738645.73
        1162 |            1560 | 1766708.44
        1304 |            1561 | 1584808.34
         306 |            1562 | 1726965.57
         128 |            1564 | 1986373.35
         542 |            1566 | 1071023.31
        1445 |            1568 |  222423.88
        2070 |            1569 |  583836.69
         789 |            1573 |  506610.14
        2536 |            1574 | 1650783.44
         563 |            1575 | 1333027.06
        2987 |            1577 | 1358120.57
        1435 |            1578 | 1604329.89
        1355 |            1579 |  897764.15
        1609 |            1580 | 1236274.68
         696 |            1581 | 1939927.05
         727 |            1583 | 1571128.65
         343 |            1584 |  1627910.8
          11 |            1586 |   88209.77
         562 |            1587 | 1558382.76
         835 |            1588 | 1649452.87
        2338 |            1589 |  1470084.7
        1864 |            1591 | 1184928.66
         158 |            1592 |  1370457.9
        2511 |            1594 | 1125955.65
        1561 |            1597 | 1440971.23
        1358 |            1598 | 1883033.78
        2340 |            1599 |  886351.93
        2426 |            1601 |  406824.71
        1727 |            1604 | 1577091.52
        1640 |            1605 |  903943.77
        2952 |            1609 |  1118383.9
        1172 |            1610 | 1061182.38
         588 |            1611 |  1666016.3
        1283 |            1612 |  500816.95
        1465 |            1615 | 1753288.73
        1614 |            1616 | 1831299.12
        2362 |            1617 | 1170614.71
        1491 |            1621 |  209338.14
        1492 |            1622 | 1791375.32
         566 |            1623 | 1817282.24
        2891 |            1624 | 1916405.52
        2204 |            1626 |  845747.16
         616 |            1627 | 1137456.87
         217 |            1629 | 1250243.74
        2803 |            1631 | 1404183.31
        1963 |            1632 |  1404841.7
        1785 |            1633 | 1620474.43
        1331 |            1634 | 1785257.93
        1919 |            1638 |  855902.85
        1080 |            1641 |  918919.77
        2137 |            1645 | 1340999.72
         630 |            1646 | 1576058.69
         668 |            1647 | 1002913.94
        1011 |            1651 |  1226466.5
         334 |            1652 |  121459.88
        1322 |            1653 | 1913625.75
         282 |            1657 |  279643.89
        1443 |            1658 | 1584806.74
        2307 |            1660 |  183946.85
        2057 |            1661 | 1537924.09
        1279 |            1662 |  792178.52
         979 |            1663 |  438023.79
        1071 |            1664 |     613369
        1687 |            1666 | 1835608.71
        1910 |            1667 | 1549535.85
        1194 |            1668 | 1365171.12
        2389 |            1669 | 1592933.64
         767 |            1670 |  398583.98
        1744 |            1672 | 1124293.36
          39 |            1673 | 1741163.12
        1466 |            1674 |   431511.1
        1972 |            1675 | 1296036.62
        2512 |            1676 |   92640.32
         752 |            1677 |  384011.25
        1184 |            1678 | 1652740.15
        2197 |            1681 |  329631.57
        1398 |            1682 |  716594.16
        2600 |            1684 | 1865017.55
         831 |            1685 |  819312.79
        2781 |            1686 |  393026.83
          35 |            1687 |  523153.51
        2729 |            1689 | 1693368.75
         260 |            1691 | 1258591.36
         236 |            1692 | 1857265.87
        1175 |            1693 | 1550608.94
         438 |            1694 |  161144.07
         718 |            1695 | 1648840.02
         195 |            1699 | 1167821.18
        2779 |            1703 | 1512565.57
        1791 |            1704 |   374045.3
        1989 |            1706 | 1277005.42
        2191 |            1707 | 1868456.97
        1001 |            1708 | 1227115.15
        2008 |            1710 | 1456455.96
         854 |            1711 |  970209.07
        1742 |            1712 | 1705198.11
        2148 |            1713 |  612362.26
        2504 |            1714 | 1900303.36
        2839 |            1715 |   257104.1
         658 |            1717 |  694510.01
        1952 |            1720 |  457552.32
        2292 |            1721 | 1434232.57
        2482 |            1722 | 1542291.82
          74 |            1723 | 1840764.86
         326 |            1724 | 1105023.83
        2099 |            1726 | 1105238.66
         970 |            1727 | 1463999.29
        2665 |            1730 | 1600262.25
         472 |            1731 |  469942.54
        1104 |            1733 |     375500
        2353 |            1734 |   902762.7
         171 |            1735 |  231830.11
        1057 |            1737 | 1856985.16
         998 |            1738 | 1626548.65
        2149 |            1742 | 1228853.34
         461 |            1743 | 1754935.96
        1816 |            1744 | 1540696.14
        2651 |            1746 | 1243511.92
        2664 |            1747 |  537386.99
        2701 |            1748 |    1494344
        1810 |            1749 | 1436186.63
         140 |            1750 | 1956519.64
         209 |            1751 | 1375610.56
        1787 |            1752 |   676106.8
        2499 |            1754 | 1163504.07
        1861 |            1757 | 1891870.96
         680 |            1758 | 1466308.28
        1487 |            1761 | 1411357.79
        2606 |            1763 | 1414132.54
        2938 |            1764 | 1475981.67
         450 |            1765 |  1257813.1
        2657 |            1766 |   82514.83
        2623 |            1767 |  848590.19
        2394 |            1768 | 1474459.72
        1025 |            1769 | 1413241.49
         481 |            1774 | 1735724.38
        1823 |            1775 | 1802729.35
        1911 |            1779 |  1680412.3
        1254 |            1780 |  218435.84
        1444 |            1783 | 1324165.74
        1708 |            1784 | 1573786.97
         227 |            1788 | 1887799.29
        2907 |            1790 | 1040940.32
        2457 |            1792 |  894334.19
        1109 |            1794 |  452452.86
         491 |            1795 | 1696605.26
        1135 |            1796 |  403165.32
        2646 |            1798 | 1658077.92
        2628 |            1799 |  208899.33
        2813 |            1800 | 1765862.39
        1906 |            1802 |  1968998.4
        1484 |            1803 |   961194.5
        2868 |            1804 | 1444034.58
          80 |            1805 | 1911021.33
        1902 |            1808 |  795393.26
        1403 |            1810 | 1467941.03
        2446 |            1811 |  307409.32
        2247 |            1815 | 1135440.69
         154 |            1816 | 1125817.52
         286 |            1817 | 1002447.76
         312 |            1818 |   81575.32
         925 |            1820 | 1256763.31
        2933 |            1822 | 1549557.08
         667 |            1823 |  970582.92
         351 |            1825 | 1969756.15
        1384 |            1826 | 1865283.04
        1643 |            1827 | 1349792.88
        1091 |            1828 |  932139.74
         367 |            1829 | 1554787.34
        2789 |            1830 | 1037694.16
        2971 |            1831 | 1418531.92
        2634 |            1833 | 1583737.54
        1558 |            1834 | 1369782.82
        1712 |            1836 |  178147.41
         996 |            1837 | 1277781.07
         253 |            1838 | 1725737.62
        1755 |            1839 |  823998.43
        2146 |            1840 | 1152614.23
         745 |            1841 |  470046.99
        2984 |            1842 | 1177024.33
        1546 |            1844 |  749693.61
        2074 |            1846 | 1761029.53
        2864 |            1847 | 1895457.08
        1066 |            1848 | 1351730.69
        1505 |            1849 |   496135.3
        2109 |            1850 | 1642417.61
        1964 |            1851 | 1475283.53
        1431 |            1852 |   360751.8
        2790 |            1854 |  763239.12
        2997 |            1855 | 1576404.63
        2305 |            1856 | 1657278.82
        1459 |            1857 | 1450122.78
         624 |            1859 | 1745284.55
        2893 |            1860 | 1725901.87
        2454 |            1861 |   698536.1
        2169 |            1863 | 1546810.93
         720 |            1864 | 1736984.26
        1309 |            1866 | 1732303.19
        1456 |            1867 | 1418799.53
        1375 |            1868 | 1432699.62
        1379 |            1871 | 1962644.93
         673 |            1872 |  578355.52
         103 |            1873 |  1412725.3
        2832 |            1875 |  659875.66
        2762 |            1878 | 1916648.96
        1477 |            1881 | 1573042.24
        2743 |            1882 | 1819847.76
         303 |            1885 | 1403095.93
        2444 |            1886 |   906408.5
         387 |            1887 | 1485056.26
        2740 |            1888 |  883270.03
         368 |            1889 |  717027.62
          51 |            1891 |  444363.66
         305 |            1892 | 1419212.43
         924 |            1893 | 1810176.01
        1768 |            1894 | 1079628.34
        1349 |            1896 | 1353842.14
         929 |            1897 | 1987186.29
        2308 |            1898 |  180468.32
         361 |            1899 |  171402.45
        2892 |            1901 | 1821626.42
        2591 |            1903 | 1982686.47
        1851 |            1905 | 1136919.22
         308 |            1906 | 1596039.26
         584 |            1908 | 1038503.52
        2763 |            1909 |   516907.5
         908 |            1911 |  816956.77
        1065 |            1912 | 1698117.69
        2235 |            1913 |  407955.55
        2641 |            1914 |  369393.72
        2133 |            1915 | 1568920.85
        2816 |            1918 | 1659662.12
        2685 |            1923 | 1382146.54
         987 |            1924 | 1623500.47
        2015 |            1925 |  722668.07
        1826 |            1927 | 1811490.34
         523 |            1929 |   407800.7
         760 |            1930 | 1943835.83
        1044 |            1931 |   562615.4
        1570 |            1932 |  1889429.6
        1710 |            1933 |  640673.63
        2659 |            1935 |  843803.24
        1507 |            1936 |  621143.41
        2598 |            1937 |  864896.43
         310 |            1939 | 1775883.82
         505 |            1940 |  987418.87
        1341 |            1941 | 1873062.32
        1103 |            1947 |  216878.94
        2969 |            1948 | 1232919.95
        2020 |            1950 | 1943806.36
         309 |            1953 | 1808246.33
        1131 |            1954 |  1083547.2
         611 |            1957 |     677124
        1270 |            1958 |  567992.92
        1470 |            1960 |  386706.04
        1210 |            1967 | 1636853.73
         896 |            1969 |  672010.28
         875 |            1970 | 1804648.06
        1553 |            1971 |  783959.35
        2124 |            1972 |  495464.51
        1106 |            1973 |  467054.57
         474 |            1975 |  930919.93
        2737 |            1977 | 1687033.65
         641 |            1979 |  1389901.3
         899 |            1980 | 1667972.57
        1221 |            1982 | 1472380.21
          52 |            1983 |  249842.53
        1291 |            1984 | 1130340.39
         541 |            1985 |   950599.1
        1273 |            1986 | 1063037.75
         548 |            1987 |  656387.01
         467 |            1988 | 1752644.03
          98 |            1989 | 1969440.36
        2278 |            1991 | 1767299.86
        1072 |            1992 | 1051685.31
        2829 |            1993 |  257152.51
        2072 |            1995 |  279415.79
        1474 |            1996 |   354549.5
         166 |            1998 |  885996.01
        1551 |            1999 | 1250047.99
        1591 |            2000 |  1299563.7
        2958 |            2005 |  452155.49
          86 |            2007 | 1845924.89
        1966 |            2008 |  881414.22
        1078 |            2012 |  712725.06
         735 |            2014 | 1277660.73
        1691 |            2018 |  372326.98
        1753 |            2019 | 1495274.17
        2837 |            2021 | 1949694.53
         507 |            2024 | 1565070.04
        1718 |            2025 |   961737.4
        1366 |            2027 | 1962493.73
        1116 |            2029 |  1694143.3
        2245 |            2032 | 1365074.09
        2903 |            2034 | 1220322.15
        1082 |            2035 |  411439.99
         725 |            2036 | 1357006.09
        1132 |            2037 | 1528860.05
         390 |            2038 |   470095.1
         872 |            2040 | 1567444.49
        2798 |            2041 |  734003.08
        1521 |            2042 |  994861.57
        2427 |            2043 |  1894041.3
        2013 |            2044 |  701979.72
        1173 |            2045 | 1993363.94
        2677 |            2047 |  102695.64
         208 |            2050 |  945463.52
        2687 |            2055 | 1574835.79
        2313 |            2060 | 1658807.43
         354 |            2062 |  275499.23
        2872 |            2063 | 1891961.89
        2464 |            2064 |  325484.88
        2430 |            2065 | 1857186.14
        1758 |            2068 |  851003.95
        2772 |            2069 |  637479.23
        1859 |            2071 | 1672197.01
         893 |            2072 |  1660002.7
        2356 |            2074 |  1582908.3
        2230 |            2077 |  772836.44
         757 |            2078 | 1695327.13
        2955 |            2079 |  984110.87
        1645 |            2080 | 1673351.15
        2206 |            2081 |   666599.5
        1086 |            2082 |  713269.34
         418 |            2083 | 1703798.43
        1607 |            2084 | 1400550.22
        2967 |            2085 | 1183531.29
        2725 |            2086 | 1466323.88
        2363 |            2088 | 1079222.51
         914 |            2089 |  794564.37
         225 |            2091 | 1251125.42
        2433 |            2092 |  677344.06
         499 |            2094 |  457460.24
        1385 |            2095 |  1615745.5
        2621 |            2096 | 1186992.05
        2326 |            2099 | 1931556.38
        2309 |            2100 | 1376199.03
         958 |            2101 |  557842.61
        2440 |            2104 |  547714.55
        2202 |            2106 | 1591996.35
        2653 |            2107 | 1066782.27
         994 |            2108 | 1672131.28
         251 |            2112 |  416965.55
         263 |            2114 | 1343230.64
        2643 |            2115 |  181790.56
         817 |            2116 | 1041650.84
        1683 |            2118 |  1238734.1
        1446 |            2119 |  552140.44
        1714 |            2120 |  1256802.2
         682 |            2121 | 1987804.45
         200 |            2129 | 1851579.92
          65 |            2131 | 1961864.66
        2498 |            2133 | 1955352.08
         969 |            2134 | 1441844.44
        1984 |            2135 |  1045138.8
        1032 |            2136 |  174417.97
        2229 |            2139 | 1430351.94
         830 |            2141 |  722281.28
        2077 |            2142 | 1013090.07
        2932 |            2143 | 1641599.51
         594 |            2144 | 1351791.61
         837 |            2146 | 1829551.15
        2642 |            2148 | 1923172.59
         966 |            2150 |  1286416.7
          30 |            2151 |  366593.98
        1099 |            2157 | 1785857.57
         275 |            2158 |  473144.42
        1187 |            2160 | 1624249.39
         524 |            2162 |  628228.68
        1409 |            2163 |  671003.29
          99 |            2164 | 1724162.94
          48 |            2165 | 1933399.65
          44 |            2166 | 1778812.35
        2618 |            2167 | 1434930.16
        1600 |            2168 |  279383.95
        2976 |            2169 |  679412.62
         136 |            2170 |  846649.23
         393 |            2174 | 1080638.03
         645 |            2175 |  497764.39
        1209 |            2176 | 1434048.13
        1193 |            2178 |  782818.85
        1678 |            2179 |  689524.19
         631 |            2181 | 1379544.52
        1442 |            2182 |  419446.68
         515 |            2183 |  1611845.7
        2283 |            2184 | 1004095.02
         772 |            2185 |  843965.28
        2466 |            2186 |    1901480
        1771 |            2188 |  615985.95
        1160 |            2191 | 1388016.82
        1757 |            2192 |  1119264.7
        2242 |            2193 |  1503731.1
        2226 |            2194 |  984334.18
        2505 |            2198 | 1609246.75
         238 |            2200 | 1287530.83
        1801 |            2201 | 1494806.49
        1008 |            2202 | 1157234.82
        2738 |            2204 | 1453708.69
         279 |            2205 | 1581653.06
        1526 |            2206 | 1559290.35
        2251 |            2207 | 1824424.22
        2388 |            2209 |  810097.35
        2047 |            2212 | 1373269.03
         805 |            2213 | 1632995.83
         949 |            2214 | 1852169.57
         554 |            2215 | 1413061.53
        2496 |            2216 |  1170125.9
        2785 |            2218 | 1921063.08
        2097 |            2219 |  786587.69
        1927 |            2220 | 1139385.52
         492 |            2221 | 1678172.93
         963 |            2222 | 1624202.05
         480 |            2223 | 1942185.79
        1666 |            2224 |  756978.25
         479 |            2225 | 1126306.12
        1878 |            2226 | 1537456.68
        1396 |            2227 | 1403783.26
        1114 |            2229 |  1190501.9
        1808 |            2231 |  448850.19
        1257 |            2232 | 1407454.34
          60 |            2233 | 1462717.61
         250 |            2234 |  422149.37
         153 |            2236 |  1187409.2
        2003 |            2241 | 1342415.33
        2518 |            2242 |  142133.29
         579 |            2245 |  798581.62
        2233 |            2247 |  693512.91
        2702 |            2248 | 1407630.93
        1937 |            2250 | 1876476.79
        2756 |            2251 | 1893718.83
        1542 |            2253 | 1332748.59
         617 |            2254 |  233949.26
        1693 |            2259 | 1141715.92
        1012 |            2260 | 1263739.54
        1830 |            2261 | 1878159.58
          23 |            2262 | 1859112.77
        1276 |            2263 | 1136281.21
        1097 |            2264 | 1052609.45
         790 |            2266 | 1868987.33
        2032 |            2267 | 1170033.19
         266 |            2268 |  374933.04
          47 |            2270 | 1195929.96
         944 |            2271 | 1214309.69
        2256 |            2272 |  820119.36
        1419 |            2273 |  383228.74
        1010 |            2275 |    1543211
          73 |            2277 | 1108133.94
        2130 |            2278 | 1055663.76
         982 |            2281 |  777648.25
        1308 |            2282 |    1227868
         510 |            2283 |  861559.64
        2267 |            2285 | 1195870.16
         349 |            2286 |    1360174
        1153 |            2287 | 1118310.87
        1636 |            2289 |  1925179.7
         272 |            2292 | 1667202.83
          19 |            2294 |  1806492.2
        1587 |            2296 | 1391250.21
        1761 |            2297 | 1006504.17
        2670 |            2300 |  1471099.8
        1282 |            2301 |  879659.09
        1382 |            2302 | 1890986.72
        2058 |            2304 | 1352890.09
          33 |            2305 | 1781764.89
        1199 |            2306 |  212427.33
        1529 |            2308 | 1115697.64
        2213 |            2310 | 1943596.11
        1305 |            2311 |  841972.31
         415 |            2314 | 1176348.16
        2592 |            2316 |  484190.55
         861 |            2319 |  732758.88
         886 |            2323 |  618773.18
         270 |            2325 | 1215511.77
         738 |            2326 | 1999656.74
        1081 |            2327 | 1647911.22
        2881 |            2328 |  251505.84
         382 |            2330 |  709168.14
         620 |            2331 | 1145169.69
        1713 |            2332 |  804384.76
        2689 |            2333 |  1553312.7
         184 |            2334 | 1537415.31
          37 |            2337 | 1554377.87
        1340 |            2338 | 1714082.04
        2007 |            2340 | 1106808.59
         777 |            2341 |  938666.49
        1871 |            2342 | 1998064.55
        2257 |            2344 |  536450.44
          45 |            2345 |  815676.25
        2806 |            2346 | 1757439.13
        2265 |            2348 | 1838315.85
        2716 |            2349 | 1920148.58
         211 |            2350 |  682481.73
        1120 |            2352 | 1180230.86
         424 |            2353 | 1094073.18
        1452 |            2354 | 1830300.49
        2635 |            2358 |  510716.13
        2160 |            2359 |  714404.58
        1154 |            2360 |   968516.3
         762 |            2361 |  1599136.5
        1061 |            2362 | 1477615.19
        2354 |            2363 |  995489.86
         439 |            2364 | 1611394.11
        1441 |            2366 | 1940857.21
        2398 |            2367 | 1849529.26
        1671 |            2369 |  749238.26
        2537 |            2370 |  1261325.8
        2709 |            2371 |  1778719.5
        2972 |            2374 | 1798802.29
        2286 |            2375 |  161995.64
        1993 |            2376 | 1005429.26
        1461 |            2377 | 1774178.53
        2391 |            2378 | 1756846.46
        2243 |            2380 | 1272244.73
        1841 |            2385 | 1638915.93
        1169 |            2386 |  509895.11
         273 |            2387 |  162071.17
        1437 |            2388 | 1555288.72
        2303 |            2389 | 1652349.07
         880 |            2391 |    1311845
         775 |            2392 |  432448.46
        2884 |            2393 | 1041490.36
         755 |            2396 |   99071.54
        2448 |            2401 | 1874168.53
        1218 |            2403 | 1513482.54
        2006 |            2404 |  366559.47
         821 |            2406 | 1705145.54
        2270 |            2408 |  632929.03
         289 |            2409 |  426161.79
         409 |            2410 | 1678707.81
          71 |            2414 | 1927568.25
        2174 |            2415 |  587257.59
        2731 |            2416 | 1963881.69
        1896 |            2417 | 1150539.49
        2713 |            2419 | 1939300.28
        1410 |            2420 | 1232676.97
        1077 |            2421 | 1431466.42
        1754 |            2422 | 1696100.31
        1182 |            2427 | 1957331.63
        2629 |            2429 |  477836.25
        2320 |            2431 | 1703121.69
           4 |            2432 |   958540.4
        1831 |            2433 | 1174107.01
         148 |            2434 | 1819398.93
         877 |            2435 | 1750628.06
        1070 |            2436 | 1384430.98
         433 |            2438 | 1556100.23
        1893 |            2440 | 1691476.75
         119 |            2441 | 1359143.63
        1464 |            2443 |  642247.26
        1248 |            2444 |  872101.37
        1423 |            2445 | 1728200.72
         178 |            2447 | 1851398.23
        2083 |            2448 |  1994415.3
        1189 |            2449 |  127500.28
        2359 |            2450 |  727069.28
         430 |            2452 |  1855254.4
        2558 |            2453 |  509119.38
         703 |            2456 |  196256.04
        2824 |            2459 | 1552903.26
        1621 |            2460 |  1459326.7
        2849 |            2461 | 1509158.11
        1022 |            2462 |  481642.54
         533 |            2465 | 1960923.04
        1581 |            2466 | 1638701.17
        1992 |            2467 | 1746821.42
        1482 |            2468 | 1947134.23
        2589 |            2469 | 1850111.02
        1866 |            2470 | 1725194.49
        2503 |            2471 |  968991.55
        1860 |            2472 | 1333028.94
        2189 |            2473 |  807595.71
          36 |            2475 | 1813939.26
        1455 |            2477 | 1164030.69
        1089 |            2480 |   667418.9
         322 |            2481 | 1414003.64
         449 |            2482 |  274423.02
        2658 |            2483 | 1887691.75
        2449 |            2484 |  480561.76
        2530 |            2486 | 1826972.72
         521 |            2487 |  813948.66
        2119 |            2488 |  799586.59
        1096 |            2491 |  883893.75
          93 |            2495 |  968574.25
        1933 |            2496 |  999806.69
        1517 |            2497 |  916988.39
        2386 |            2499 |  967085.31
        1421 |            2500 |   970900.6
        2210 |            2501 | 1292962.26
        2766 |            2505 | 1728854.52
        1862 |            2506 |  641659.85
        2695 |            2507 | 1071125.42
        1538 |            2509 | 1697350.61
        2961 |            2510 |  743001.47
        2045 |            2511 |  407767.99
        1438 |            2512 | 1489120.43
        2614 |            2514 | 1443362.62
        1269 |            2516 | 1914285.17
        1732 |            2518 |  235121.61
        1451 |            2520 |  1463286.5
         298 |            2521 | 1510642.01
         520 |            2522 | 1668149.59
        1138 |            2523 |   269421.4
        1681 |            2525 |  1089380.6
        1986 |            2527 |  1809113.7
        2052 |            2528 | 1359303.19
         662 |            2530 |  802650.65
        1364 |            2532 | 1057748.52
         381 |            2533 |  348690.76
         320 |            2534 | 1641379.82
         495 |            2535 |  176500.19
         955 |            2538 | 1152021.23
        1734 |            2539 | 1156406.93
         876 |            2542 |  1095088.9
         465 |            2543 | 1731712.76
        2896 |            2544 |  451863.09
        1320 |            2547 | 1104279.87
        1440 |            2548 | 1831880.86
        1920 |            2549 | 1312455.42
        2141 |            2550 |  699970.45
         938 |            2551 |  393664.25
        1297 |            2552 | 1373716.77
         798 |            2554 |   577232.4
          70 |            2561 |  834612.73
        2331 |            2562 | 1340371.76
         462 |            2563 |  302833.74
        1626 |            2564 | 1315992.33
        1267 |            2565 | 1105635.36
        2321 |            2567 |  910544.51
        2281 |            2568 |   394081.1
         660 |            2570 | 1629785.61
        2809 |            2572 |  1548865.7
        2378 |            2576 |  852890.12
         413 |            2577 | 1260938.55
         458 |            2581 | 1929602.36
        1833 |            2582 | 1582276.25
        2159 |            2583 |  369040.31
        1926 |            2584 |  671987.83
         181 |            2585 | 1861765.82
        2563 |            2587 |  1862463.7
          85 |            2588 | 1397616.21
        2129 |            2589 |  404449.21
        1941 |            2590 | 1960075.75
        2095 |            2593 | 1355998.35
         984 |            2594 | 1563345.11
        2579 |            2595 | 1711334.18
        2397 |            2597 | 1296297.13
        2691 |            2598 |  301207.57
        2009 |            2599 |  551301.14
        2679 |            2600 |  417200.35
        1662 |            2601 |  739361.95
         600 |            2604 |  1497449.2
         814 |            2605 |   882601.5
        1799 |            2607 |  682786.44
        1415 |            2608 | 1231584.83
          96 |            2609 | 1424510.65
         852 |            2612 | 1647490.09
        2596 |            2614 | 1201026.97
        1782 |            2619 | 1314563.73
        2439 |            2620 | 1659551.79
        1905 |            2624 | 1834473.15
        2866 |            2625 | 1930602.11
         201 |            2626 | 1435167.24
         742 |            2627 | 1936603.24
        2939 |            2629 | 1529507.24
         555 |            2630 | 1928677.28
         625 |            2631 |  734194.14
         695 |            2635 |    1673854
        1055 |            2636 |  875201.54
         285 |            2638 |  421109.82
        2085 |            2641 | 1147464.33
         552 |            2642 | 1909937.14
        2462 |            2645 |  1677839.5
         496 |            2648 | 1413360.46
         133 |            2652 | 1903573.56
        1321 |            2653 | 1127350.96
        1467 |            2654 | 1927493.31
         115 |            2657 | 1245697.84
        2883 |            2658 |  807840.98
         531 |            2659 | 1176858.76
        1328 |            2660 | 1838678.97
        1954 |            2661 |  444433.87
        2254 |            2663 |  661191.54
        1006 |            2664 |  1514559.9
        1514 |            2667 | 1133916.53
        2524 |            2668 |  607343.41
         255 |            2669 |  814400.27
         761 |            2670 |  1286302.5
         722 |            2672 |  797378.72
        1020 |            2673 |  686784.11
        2467 |            2674 | 1941300.04
         917 |            2675 | 1093529.98
         416 |            2676 | 1697767.08
        2549 |            2677 | 1941190.16
        1186 |            2678 |  182598.68
        2276 |            2679 | 1653617.14
        2318 |            2680 |  413461.08
         571 |            2681 | 1881474.77
        1737 |            2682 |  588476.29
        2192 |            2683 | 1775651.72
         843 |            2684 | 1531402.67
        1703 |            2685 |  490168.58
          14 |            2687 |  1172432.1
        2061 |            2688 | 1325392.97
        1641 |            2689 |  759556.79
         290 |            2690 | 1632633.57
        2943 |            2691 |  961998.49
        2602 |            2694 | 1276292.36
          21 |            2695 |  402793.01
        1925 |            2696 |  209086.81
        1536 |            2697 | 1623280.26
         921 |            2702 | 1503087.17
         894 |            2705 | 1326128.38
         560 |            2706 |  927904.16
        2992 |            2708 | 1300465.72
        2904 |            2711 |   901273.8
         851 |            2712 |  1196200.3
         629 |            2713 |  283104.55
        1684 |            2714 | 1852058.54
         937 |            2715 |  674470.58
        2377 |            2716 | 1562629.38
        1463 |            2717 | 1643888.22
        2788 |            2718 | 1185767.61
        2724 |            2719 |  613059.04
        2166 |            2720 | 1929298.59
          17 |            2721 | 1239437.86
          49 |            2723 | 1558803.66
         870 |            2724 |  1848335.5
        1947 |            2725 | 1430868.66
        1688 |            2726 | 1623351.71
        1073 |            2727 | 1642625.79
         741 |            2728 | 1234195.49
        1222 |            2730 | 1017386.52
        2299 |            2731 |  526291.43
        1406 |            2733 | 1100487.22
        1725 |            2734 |  413720.23
        2551 |            2735 |  984104.67
        1014 |            2737 |  674426.09
        2636 |            2738 |  160877.55
         700 |            2739 |  478074.26
          27 |            2740 | 1188366.71
        2650 |            2742 |  580872.75
        2413 |            2746 | 1856882.53
          43 |            2747 | 1014747.93
        1527 |            2749 |   848345.1
        2334 |            2751 |  167832.19
         862 |            2752 |  576250.01
        1895 |            2753 |  1927621.9
        1820 |            2755 |  897529.64
        2264 |            2756 | 1743774.06
        1150 |            2757 |  618690.51
        1034 |            2762 | 1722634.27
         509 |            2763 |  990005.11
        1280 |            2765 | 1016816.56
          12 |            2766 | 1563780.91
         161 |            2770 | 1986919.65
        1868 |            2772 |  914496.34
        1290 |            2776 | 1310630.98
        2442 |            2777 | 1426487.12
        2349 |            2778 | 1246630.64
        1486 |            2779 | 1566408.83
        2493 |            2781 | 1935921.45
        1271 |            2782 |  664216.21
         242 |            2783 | 1898536.29
        1724 |            2784 | 1108001.02
         365 |            2785 |  805433.23
         729 |            2786 | 1805604.34
         359 |            2787 |  986439.85
        2489 |            2788 | 1421312.83
        2902 |            2789 | 1186691.12
        2683 |            2790 |  696878.93
         122 |            2792 | 1965732.41
        2217 |            2794 | 1840742.09
        2875 |            2795 |  847300.84
        2666 |            2796 | 1148224.44
         756 |            2797 |  272705.63
        2553 |            2798 |  786514.28
        1692 |            2800 |  849416.69
         792 |            2802 | 1516855.61
        1540 |            2805 |     980754
         890 |            2806 | 1763658.14
        2384 |            2808 | 1412633.04
        1948 |            2810 | 1403143.79
         844 |            2811 | 1613734.34
         732 |            2817 |  297962.44
        1031 |            2818 |  963211.65
         487 |            2819 |  269678.11
         659 |            2822 |  342686.22
        1119 |            2823 | 1523440.78
         144 |            2824 |   195580.4
        1943 |            2826 |  474625.31
        2560 |            2827 | 1552744.25
         551 |            2830 |  558159.05
         126 |            2833 | 1982359.83
          82 |            2834 | 1571362.98
         498 |            2836 |  830573.56
        1047 |            2837 | 1214700.11
        1043 |            2838 |  342388.51
         723 |            2841 |  914910.19
          89 |            2845 |   911255.5
        2802 |            2846 | 1803335.56
         956 |            2847 | 1125649.35
        2755 |            2849 |  482447.71
           9 |            2851 | 1473069.73
        2237 |            2853 | 1869448.46
        2455 |            2854 | 1853919.78
        2717 |            2855 |  990924.23
        1084 |            2858 | 1566754.39
        1016 |            2859 |  110788.03
         774 |            2862 | 1588612.36
        1013 |            2863 |  103177.49
        1424 |            2864 | 1653260.89
         519 |            2868 | 1943381.77
        1192 |            2869 | 1350857.93
         269 |            2870 |  304689.18
        1475 |            2873 | 1521332.13
        1300 |            2874 |  985338.28
        2733 |            2875 | 1934888.87
        1519 |            2879 |  1176869.6
        1028 |            2882 | 1707415.81
         210 |            2886 | 1675894.61
         323 |            2887 | 1315042.89
        2248 |            2888 | 1433661.38
        2982 |            2889 |  924585.28
        2065 |            2892 | 1014803.62
        2552 |            2893 | 1667489.22
        2266 |            2894 | 1322766.23
        2402 |            2897 | 1649654.17
         934 |            2899 |  941254.22
        1223 |            2901 | 1259394.91
         806 |            2902 | 1062266.35
        2734 |            2904 | 1257515.11
        1376 |            2905 |  452940.64
        1295 |            2906 | 1213256.39
        1936 |            2907 | 1563096.38
        2382 |            2911 |  989379.86
        1928 |            2913 |  732001.66
        1301 |            2914 |  1109706.5
        1869 |            2917 |  1618951.6
        1578 |            2918 | 1764630.34
        2171 |            2924 |  675514.89
        1638 |            2926 | 1594852.79
        1213 |            2928 | 1638862.89
        1298 |            2929 | 1339095.08
        2720 |            2930 |  893740.69
         188 |            2931 |  271537.21
         421 |            2932 | 1856845.83
         845 |            2934 |  1302657.2
         964 |            2935 | 1556375.25
         644 |            2936 | 1661026.75
        2784 |            2937 |  1884832.2
         932 |            2938 |  1326147.2
        1537 |            2939 | 1107528.08
        2038 |            2940 | 1771042.28
        2617 |            2941 | 1194814.05
        1226 |            2942 | 1714815.07
        1857 |            2943 |  235123.66
         319 |            2945 |   92045.97
        1509 |            2947 | 1680584.66
         605 |            2948 | 1725775.09
        2514 |            2949 |  213161.13
        1146 |            2950 | 1044966.86
        2622 |            2953 |  147902.05
         169 |            2955 |  982898.76
        2329 |            2956 | 1675631.39
        2946 |            2957 | 1698139.05
        2422 |            2958 |   933470.3
        2071 |            2959 | 1889761.82
        2323 |            2960 |  185091.11
        1336 |            2961 |  1582766.5
        2692 |            2962 | 1687966.72
         704 |            2963 |  971941.98
        1079 |            2964 |  562837.43
        2747 |            2966 | 1386871.03
        1872 |            2968 | 1067191.51
          61 |            2971 | 1786809.78
        2525 |            2972 |  300277.81
        2063 |            2973 |  275549.29
        1434 |            2974 | 1192384.86
        2199 |            2975 | 1839270.42
         610 |            2978 | 1986489.55
        1354 |            2979 | 1433190.38
        1832 |            2980 | 1171867.78
        2049 |            2982 |  497684.72
         922 |            2983 | 1483691.24
        2417 |            2985 |  637938.71
        2106 |            2987 | 1078707.31
         456 |            2988 |   966708.2
         193 |            2989 |  162388.61
          34 |            2990 | 1389789.31
        2742 |            2991 | 1150593.27
         778 |            2992 | 1771158.82
        1179 |            2993 | 1658562.56
        1224 |            2994 | 1643364.74
         911 |            2996 | 1208936.39
        1655 |            2997 |  1536295.5
        2463 |            2998 | 1904214.65
(1873 rows)

